  0.50490255    0.63231968  1
  0.72306131    0.55509274  1
  0.46695676    0.43704922  1
  0.48783290    0.58499900  1
  0.43132941    0.62075663  1
  0.47771165    0.45312649  1
  0.57005830    0.35456985  1
  0.53083361    0.44899904  1
  0.43525035    0.42959990  1
  0.36744232    0.56050207  1
  0.34477583    0.38207983  1
  0.49057604    0.40526281  1
  0.41137134    0.48681950  1
  0.61827297    0.45515879  1
  0.44710578    0.35015674  1
  0.56959575    0.44459531  1
  0.57641406    0.54270064  1
  0.35209079    0.58359170  1
  0.23247711    0.43399042  1
  0.67709035    0.63400439  1
  0.49148691    0.27835353  1
  0.43519572    0.37705551  1
  0.46385643    0.66002000  1
  0.65483385    0.59512293  1
  0.45034691    0.55057900  1
  0.34765829    0.49891326  1
  0.52774411    0.46018062  1
  0.45964100    0.47692628  1
  0.61368619    0.44454679  1
  0.45047449    0.37742206  1
  0.57162331    0.57111739  1
  0.50867686    0.39139758  1
  0.59385004    0.54745103  1
  0.28337936    0.39826862  1
  0.44060699    0.42535657  1
  0.32739087    0.62041979  1
  0.47473280    0.55987264  1
  0.34944461    0.57947097  1
  0.55984256    0.58386590  1
  0.60062168    0.52567003  1
  0.56841635    0.48555933  1
  0.47855514    0.56817584  1
  0.63719913    0.39483052  1
  0.49186982    0.38502984  1
  0.62843051    0.44075845  1
  0.51095093    0.57014986  1
  0.54095022    0.55218041  1
  0.54726148    0.48846676  1
  0.52732759    0.48627630  1
  0.51379566    0.38864577  1
  0.50607775    0.43567138  1
  0.56016769    0.39315353  1
  0.62783533    0.42904378  1
  0.52784274    0.51835370  1
  0.73803526    0.38388198  1
  0.50587062    0.46898631  1
  0.55861344    0.50123740  1
  0.46831085    0.63507265  1
  0.35676044    0.57619581  1
  0.59900342    0.59175590  1
  0.53619164    0.64638855  1
  0.51292314    0.49724756  1
  0.28158876    0.41418172  1
  0.45152604    0.57538337  1
  0.59181760    0.44385987  1
  0.33003893    0.39691740  1
  0.53625094    0.40973378  1
  0.48295216    0.67595316  1
  0.60514880    0.53865652  1
  0.52628795    0.55470429  1
  0.37714322    0.61826556  1
  0.49234498    0.40760328  1
  0.59106906    0.60223329  1
  0.50068692    0.42808196  1
  0.48870038    0.55197955  1
  0.52835136    0.55704944  1
  0.52485269    0.42558835  1
  0.31434034    0.42234818  1
  0.38940836    0.25301170  1
  0.43925436    0.61697213  1
  0.47332443    0.39731430  1
  0.49432827    0.37152448  1
  0.45681305    0.45174077  1
  0.51697482    0.36919709  1
  0.52114047    0.68658799  1
  0.52207951    0.36856458  1
  0.49882512    0.58881167  1
  0.45731424    0.58117648  1
  0.45459288    0.51117537  1
  0.43663307    0.43863321  1
  0.40513279    0.36533055  1
  0.44282258    0.41333537  1
  0.55236431    0.29567841  1
  0.53916762    0.39210405  1
  0.45282582    0.51892754  1
  0.54845395    0.51974134  1
  0.84541870    0.48847349  1
  0.55292279    0.43177792  1
  0.40793083    0.35556854  1
  0.46222230    0.46411856  1
  0.55589262    0.53604672  1
  0.50743901    0.49471406  1
  0.37326105    0.47400772  1
  0.62447297    0.53557535  1
  0.53650450    0.54213258  1
  0.48904182    0.48734526  1
  0.40929401    0.64235596  1
  0.46542614    0.40960817  1
  0.34744950    0.42940773  1
  0.50969527    0.44473624  1
  0.46681495    0.58111467  1
  0.37863003    0.48156967  1
  0.55973485    0.47560354  1
  0.39927809    0.49900711  1
  0.46261236    0.46643190  1
  0.34268311    0.53569972  1
  0.26595815    0.45250126  1
  0.70398966    0.66522671  1
  0.54848468    0.50959306  1
  0.39696416    0.54552698  1
  0.40223218    0.54172655  1
  0.19198421    0.36542499  1
  0.54446179    0.41533213  1
  0.51831449    0.45095921  1
  0.43003877    0.45749880  1
  0.42109955    0.53212627  1
  0.45525714    0.50455632  1
  0.41213159    0.34055388  1
  0.58836404    0.48707588  1
  0.66553178    0.41073944  1
  0.46297685    0.60818401  1
  0.49366066    0.50967022  1
  0.49607588    0.50647533  1
  0.41158323    0.31864438  1
  0.69498048    0.49938964  1
  0.33811407    0.47180207  1
  0.30610857    0.65778764  1
  0.62404434    0.36711898  1
  0.57433295    0.43502553  1
  0.36731308    0.48759613  1
  0.37852399    0.50138687  1
  0.33806514    0.17283732  1
  0.55293316    0.47589255  1
  0.45045164    0.37474583  1
  0.49878087    0.38778676  1
  0.46756827    0.73441214  1
  0.52196368    0.56165936  1
  0.47731366    0.40403063  1
  0.41733317    0.60080401  1
  0.50921222    0.48183408  1
  0.37385490    0.53068697  1
  0.47246667    0.54069324  1
  0.43215325    0.53693337  1
  0.39556893    0.39978035  1
  0.54580629    0.59831937  1
  0.57150489    0.53598059  1
  0.57155522    0.46757693  1
  0.43303808    0.46597525  1
  0.53581046    0.41331163  1
  0.56253736    0.49058540  1
  0.69861670    0.28669057  1
  0.46788618    0.65565940  1
  0.46684289    0.25045818  1
  0.51864410    0.60489235  1
  0.37213325    0.38379759  1
  0.53922292    0.37397746  1
  0.32932853    0.54009294  1
  0.37996426    0.61351630  1
  0.51483798    0.30885505  1
  0.43832318    0.62363493  1
  0.39190264    0.24393968  1
  0.34657471    0.46981153  1
  0.48313217    0.31109290  1
  0.33248186    0.37751479  1
  0.45072945    0.39560306  1
  0.43897669    0.45594862  1
  0.45332176    0.48281802  1
  0.46321577    0.51143413  1
  0.43261402    0.47489488  1
  0.54682952    0.45977028  1
  0.40186874    0.52888612  1
  0.56038997    0.30894591  1
  0.68550475    0.46426373  1
  0.60610609    0.50435801  1
  0.47727184    0.53459839  1
  0.38285349    0.47420528  1
  0.52507493    0.60781652  1
  0.60228958    0.55016557  1
  0.34611487    0.67005836  1
  0.50721065    0.59169740  1
  0.65674100    0.52449688  1
  0.56683224    0.50181926  1
  0.53175188    0.27736267  1
  0.59130004    0.55752858  1
  0.45101079    0.52098202  1
  0.65507155    0.54925969  1
  0.53630793    0.50323098  1
  0.67166106    0.23312312  1
  0.44924002    0.37357478  1
  0.60991480    0.56739860  1
  0.51780308    0.60361783  1
  0.52655862    0.46019294  1
  0.48194057    0.48231587  1
  0.72164905    0.40062674  1
  0.51764314    0.63556654  1
  0.50580420    0.37724859  1
  0.44895069    0.55005517  1
  0.40187954    0.59611250  1
  0.36229016    0.44492641  1
  0.36484703    0.46731268  1
  0.53828416    0.44575888  1
  0.50652082    0.51567466  1
  0.49612999    0.44071026  1
  0.48323314    0.50301009  1
  0.56429315    0.49810570  1
  0.43630393    0.48736344  1
  0.47108288    0.53609777  1
  0.28654339    0.42668005  1
  0.50774256    0.44816937  1
  0.41661224    0.38985587  1
  0.49149741    0.32883837  1
  0.44923143    0.43233928  1
  0.54887364    0.45033988  1
  0.53036111    0.45994940  1
  0.45094387    0.52860608  1
  0.33627495    0.44698927  1
  0.49523360    0.50673494  1
  0.73065418    0.54112190  1
  0.47790797    0.58340738  1
  0.49769042    0.47933033  1
  0.47299181    0.27578674  1
  0.64929448    0.29596927  1
  0.56452684    0.65552171  1
  0.60103898    0.49037136  1
  0.48895714    0.41623873  1
  0.52853507    0.43198289  1
  0.51964028    0.53622688  1
  0.46162699    0.37796808  1
  0.37384270    0.46182439  1
  0.57694714    0.52902244  1
  0.54452457    0.58725074  1
  0.46939923    0.46893152  1
  0.56648487    0.40040993  1
  0.53256740    0.63855943  1
  0.35166150    0.34982742  1
  0.38849016    0.60650527  1
  0.53138622    0.52222390  1
  0.44474886    0.44556146  1
  0.57600541    0.35795452  1
  0.44289272    0.47689989  1
  0.59232266    0.47288489  1
  0.42567176    0.48400181  1
  0.51710450    0.53619955  1
  0.46142509    0.43730769  1
  0.45190723    0.43247851  1
  0.36443565    0.56631419  1
  0.42573951    0.52557167  1
  0.52749560    0.54701260  1
  0.53888044    0.57489506  1
  0.66163963    0.50650542  1
  0.69156680    0.51169949  1
  0.44749686    0.41754479  1
  0.46899879    0.44149699  1
  0.52192787    0.26895583  1
  0.50640159    0.69637054  1
  0.51942142    0.44552121  1
  0.32113548    0.54698107  1
  0.52402457    0.55958523  1
  0.40772111    0.42157106  1
  0.50584942    0.55821920  1
  0.54248378    0.39538564  1
  0.48860730    0.32193060  1
  0.36425796    0.55918429  1
  0.45564871    0.50899970  1
  0.42803386    0.41762919  1
  0.46081406    0.37554011  1
  0.50262715    0.56145974  1
  0.56195562    0.53107228  1
  0.51215797    0.49564207  1
  0.50976039    0.59582987  1
  0.54363942    0.35004750  1
  0.43444839    0.53841273  1
  0.63065660    0.43882309  1
  0.50765687    0.41062543  1
  0.35224321    0.61986647  1
  0.48900447    0.51930356  1
  0.21312691    0.41303741  1
  0.63032971    0.70325458  1
  0.54167623    0.44864644  1
  0.38990052    0.37294615  1
  0.50013679    0.40380014  1
  0.59476681    0.38025723  1
  0.57096306    0.54021531  1
  0.59095954    0.66874035  1
  0.41784434    0.57065860  1
  0.47541772    0.25996971  1
  0.53742566    0.72229558  1
  0.53920333    0.43762604  1
  0.43177634    0.38963165  1
  0.50167118    0.50931547  1
  0.52552039    0.43593386  1
  0.53418251    0.60699180  1
  0.48143243    0.44195366  1
  0.48791277    0.64563578  1
  0.55802796    0.48051787  1
  0.45252096    0.34924814  1
  0.52711773    0.48952325  1
  0.44980805    0.64452476  1
  0.38405849    0.31761373  1
  0.57307666    0.35708611  1
  0.44663742    0.34679735  1
  0.44610355    0.54472918  1
  0.50285830    0.56386811  1
  0.48558060    0.47300061  1
  0.35499724    0.53019579  1
  0.52937751    0.50694438  1
  0.59161858    0.50893821  1
  0.39336668    0.52977904  1
  0.29429990    0.44229863  1
  0.45948034    0.21150573  1
  0.55754340    0.36061131  1
  0.53008935    0.19044413  1
  0.56947323    0.54604481  1
  0.55214353    0.55555056  1
  0.43582486    0.37557970  1
  0.44088622    0.61458840  1
  0.46557671    0.49044193  1
  0.50718013    0.44859254  1
  0.52247744    0.59522946  1
  0.57038237    0.34653786  1
  0.52722539    0.38978599  1
  0.45875272    0.43490622  1
  0.52430290    0.64595186  1
  0.46982918    0.59368140  1
  0.54352832    0.52128207  1
  0.35207014    0.43426645  1
  0.52264303    0.33986321  1
  0.44161171    0.38466970  1
  0.63982823    0.42623269  1
  0.61011532    0.46216609  1
  0.42961813    0.51303464  1
  0.40401294    0.48053458  1
  0.44761382    0.32467731  1
  0.36915259    0.48319164  1
  0.44383138    0.31419946  1
  0.57445065    0.64217161  1
  0.41573820    0.44093181  1
  0.46786438    0.51263068  1
  0.53547434    0.50605689  1
  0.56477015    0.56120520  1
  0.41279718    0.42164289  1
  0.49924613    0.49083755  1
  0.29623148    0.50389494  1
  0.56901886    0.46821245  1
  0.58532588    0.31296767  1
  0.58435641    0.52478650  1
  0.48172709    0.34370900  1
  0.32978112    0.50089203  1
  0.33799054    0.47653823  1
  0.40966196    0.59598541  1
  0.46541727    0.54326121  1
  0.52207969    0.52611414  1
  0.52344867    0.28616045  1
  0.38324798    0.41855696  1
  0.39008096    0.42451635  1
  0.38920506    0.37995552  1
  0.63142704    0.45707171  1
  0.40278064    0.37385496  1
  0.44077634    0.50747834  1
  0.38544958    0.65091769  1
  0.61604834    0.46594967  1
  0.31002578    0.38875385  1
  0.67560273    0.49024289  1
  0.37725951    0.44841059  1
  0.37361538    0.44951112  1
  0.37014867    0.62312824  1
  0.61138726    0.40445267  1
  0.35612972    0.37619119  1
  0.64106643    0.35128055  1
  0.62852092    0.42920337  1
  0.43078868    0.43353995  1
  0.45574695    0.51602309  1
  0.38232955    0.41992171  1
  0.42869764    0.53136445  1
  0.53038322    0.47745982  1
  0.43575987    0.48437005  1
  0.46502811    0.52827552  1
  0.40436260    0.48429031  1
  0.48820246    0.46768816  1
  0.52040157    0.50419742  1
  0.44878436    0.44735672  1
  0.46568548    0.50507574  1
  0.45353408    0.38521841  1
  0.55100631    0.46127328  1
  0.49002517    0.46842267  1
  0.44647925    0.43607940  1
  0.48544698    0.63440879  1
  0.41473196    0.62131466  1
  0.42839510    0.51515038  1
  0.55248715    0.39873953  1
  0.42950007    0.30610045  1
  0.50459291    0.53124741  1
  0.48078965    0.48485925  1
  0.40243248    0.37037136  1
  0.35415147    0.49135455  1
  0.53079017    0.44390470  1
  0.46398915    0.56511972  1
  0.37744744    0.35772329  1
  0.41947278    0.25748548  1
  0.38724579    0.59929591  1
  0.55450349    0.46731769  1
  0.66113544    0.61920709  1
  0.48837866    0.54059513  1
  0.49735043    0.43725441  1
  0.50852257    0.40425310  1
  0.56754980    0.49911626  1
  0.52445404    0.50209248  1
  0.32667252    0.56388620  1
  0.43112024    0.38553902  1
  0.44830638    0.61596776  1
  0.38740394    0.46666115  1
  0.38769440    0.56696444  1
  0.43384946    0.44969120  1
  0.33120243    0.68199984  1
  0.33920319    0.50342552  1
  0.46921796    0.42475934  1
  0.42271583    0.53962760  1
  0.48511293    0.38600931  1
  0.50465849    0.35339344  1
  0.60454321    0.57397835  1
  0.35193690    0.50799934  1
  0.57023352    0.67067638  1
  0.59949480    0.59358559  1
  0.22592324    0.51186921  1
  0.40345693    0.54881022  1
  0.32178013    0.41708197  1
  0.47070329    0.42607549  1
  0.52156461    0.43099948  1
  0.52601204    0.46921212  1
  0.47638516    0.61369333  1
  0.50222641    0.55528065  1
  0.56222300    0.61552099  1
  0.53955141    0.63312501  1
  0.55695996    0.16983967  1
  0.45881391    0.50531512  1
  0.29741034    0.51926285  1
  0.47257086    0.39308328  1
  0.61744917    0.62503646  1
  0.40384157    0.54036202  1
  0.49213914    0.38569964  1
  0.52056668    0.35602446  1
  0.47872619    0.37751982  1
  0.50768669    0.32998251  1
  0.53205068    0.46503365  1
  0.53595434    0.40064669  1
  0.36260414    0.55362225  1
  0.66705925    0.35615430  1
  0.53540345    0.47617338  1
  0.36167471    0.55497305  1
  0.49877680    0.34573434  1
  0.66065011    0.53558032  1
  0.43259418    0.27079363  1
  0.60892694    0.54530409  1
  0.41589467    0.44706787  1
  0.49145224    0.34085690  1
  0.52204264    0.49824320  1
  0.61512517    0.41977693  1
  0.55085033    0.39063544  1
  0.39721681    0.49224139  1
  0.54464738    0.53334194  1
  0.39007492    0.60573386  1
  0.43639469    0.57033299  1
  0.43022566    0.56071043  1
  0.39916109    0.56908945  1
  0.49624847    0.47170139  1
  0.41410815    0.43011992  1
  0.46439114    0.59994050  1
  0.28293789    0.21070611  1
  0.56541176    0.47015616  1
  0.46939495    0.34334329  1
  0.53644021    0.51839310  1
  0.54380734    0.36063057  1
  0.42817415    0.48397882  1
  0.51285806    0.42365400  1
  0.54425633    0.60139386  1
  0.49064104    0.58293545  1
  0.40946473    0.41255002  1
  0.39538477    0.47808172  1
  0.44935177    0.68252653  1
  0.46807193    0.30627789  1
  0.52008172    0.22590597  1
  0.60526008    0.40281980  1
  0.63177029    0.58306518  1
  0.47797205    0.37887423  1
  0.47900090    0.50032055  1
  0.54861000    0.49324493  1
  0.42529228    0.38758565  1
  0.36696528    0.43964455  1
  0.26776181    0.38761795  1
  0.54206647    0.57973916  1
  0.39872995    0.43248734  1
  0.54398066    0.50035502  1
  0.42494588    0.61264659  1
  0.30975259    0.42483804  1
  0.35940276    0.36652377  1
  0.57501185    0.40538404  1
  0.44708039    0.43155606  1
  0.55390216    0.28755604  1
  0.59138034    0.70105119  1
  0.53632708    0.48830799  1
  0.65727226    0.42241302  1
  0.53266272    0.34704649  1
  0.56298502    0.57773314  1
  0.45154025    0.40382933  1
  0.53559478    0.49644593  1
  0.62305544    0.50085213  1
  0.47024115    0.40382817  1
  0.44724777    0.53159950  1
  0.52023126    0.59271314  1
  0.46968460    0.55115012  1
  0.43844979    0.45156442  1
  0.57379166    0.53642991  1
  0.57726349    0.34954156  1
  0.32809009    0.57534268  1
  0.39612105    0.53465044  1
  0.54819961    0.49240493  1
  0.57936365    0.40895387  1
  0.36835016    0.53298408  1
  0.36674391    0.46278997  1
  0.50436559    0.40190567  1
  0.37812824    0.63344786  1
  0.36167035    0.55662281  1
  0.40704327    0.54317394  1
  0.45791801    0.44373417  1
  0.51801754    0.48221369  1
  0.51665294    0.49903246  1
  0.35625129    0.57405913  1
  0.55607578    0.58572271  1
  0.41512038    0.37188483  1
  0.52076627    0.40734323  1
  0.67199249    0.57038245  1
  0.56792707    0.59275523  1
  0.53502049    0.59371931  1
  0.28761787    0.45909701  1
  0.59394732    0.41733484  1
  0.46419418    0.56332165  1
  0.53375181    0.60943046  1
  0.45890999    0.48130744  1
  0.36275934    0.39631446  1
  0.42918792    0.61904739  1
  0.33893985    0.55198745  1
  0.41895050    0.34057943  1
  0.52880884    0.36580218  1
  0.33492705    0.51597588  1
  0.43371402    0.43112807  1
  0.57045901    0.45286740  1
  0.48775530    0.51865978  1
  0.56802094    0.51776378  1
  0.52919681    0.48031510  1
  0.47205505    0.42439753  1
  0.55760471    0.57626971  1
  0.75166658    0.47164136  1
  0.60202175    0.28403663  1
  0.35367759    0.44449141  1
  0.43145331    0.40866466  1
  0.55989901    0.63095045  1
  0.58180891    0.55096898  1
  0.36497735    0.48077986  1
  0.45490361    0.40919123  1
  0.55768625    0.62677748  1
  0.61531359    0.53761449  1
  0.34501519    0.44049174  1
  0.55120697    0.44228837  1
  0.44825266    0.31691343  1
  0.53216998    0.50180635  1
  0.46993877    0.46870321  1
  0.62060282    0.57535866  1
  0.46233166    0.51266895  1
  0.41573876    0.43774353  1
  0.38235071    0.60048776  1
  0.46906786    0.43675697  1
  0.45168053    0.46583216  1
  0.54937669    0.54710749  1
  0.59254330    0.53689252  1
  0.49468918    0.42085111  1
  0.49101640    0.67755651  1
  0.50196760    0.40846557  1
  0.37848635    0.40206085  1
  0.49503949    0.41936805  1
  0.47458757    0.30781439  1
  0.47709493    0.46328148  1
  0.57190567    0.47011552  1
  0.57832297    0.39808590  1
  0.47241389    0.47639254  1
  0.41904443    0.51215038  1
  0.38841044    0.48093454  1
  0.47786000    0.43815242  1
  0.53069569    0.48295420  1
  0.41253161    0.44998359  1
  0.56315234    0.50787445  1
  0.53448130    0.45257897  1
  0.48877813    0.49333771  1
  0.40450508    0.52549591  1
  0.44008858    0.38433554  1
  0.43334360    0.36368169  1
  0.48414854    0.43359652  1
  0.43618527    0.49579398  1
  0.35644677    0.45689030  1
  0.42424722    0.48181168  1
  0.36763858    0.39291058  1
  0.43019585    0.32856875  1
  0.47669815    0.53181495  1
  0.46168354    0.40219297  1
  0.42862508    0.40683139  1
  0.42449670    0.46842906  1
  0.50875061    0.50582560  1
  0.44436877    0.39029847  1
  0.62083869    0.57556501  1
  0.39335608    0.38434420  1
  0.65310212    0.42763280  1
  0.47296355    0.33972814  1
  0.53752253    0.32262280  1
  0.50823821    0.46727613  1
  0.52112586    0.46952065  1
  0.68312211    0.37734409  1
  0.64939642    0.52716413  1
  0.60261260    0.41962695  1
  0.48897365    0.55099008  1
  0.45649130    0.24768718  1
  0.36868343    0.52949173  1
  0.50841920    0.51801068  1
  0.53723763    0.45343459  1
  0.42424646    0.44407626  1
  0.60072061    0.57682943  1
  0.47606083    0.50238574  1
  0.44900402    0.56623819  1
  0.41435569    0.63982122  1
  0.42302410    0.51923693  1
  0.43280097    0.52608992  1
  0.39470264    0.40879079  1
  0.38763734    0.38658458  1
  0.53887588    0.33531359  1
  0.64145855    0.53861343  1
  0.63699959    0.28938805  1
  0.46256211    0.64790752  1
  0.34328279    0.43442503  1
  0.65094747    0.52550614  1
  0.54260892    0.54092333  1
  0.35737018    0.49076982  1
  0.30555699    0.48006571  1
  0.47995006    0.44400804  1
  0.34685568    0.48225677  1
  0.52654771    0.47907604  1
  0.52926768    0.40827976  1
  0.37789696    0.50327570  1
  0.38193527    0.42638180  1
  0.57702249    0.60539852  1
  0.48980114    0.55663303  1
  0.49914615    0.58337479  1
  0.34991076    0.31710604  1
  0.60000284    0.38341391  1
  0.44826651    0.50428549  1
  0.66368803    0.46913101  1
  0.34004353    0.45043414  1
  0.57753018    0.46490305  1
  0.33013712    0.52238008  1
  0.45072310    0.45905249  1
  0.76101971    0.43704930  1
  0.56053303    0.61951706  1
  0.59352942    0.46666896  1
  0.64755022    0.40540910  1
  0.44164562    0.52096271  1
  0.33642669    0.45052846  1
  0.44555971    0.52259233  1
  0.37178618    0.52979774  1
  0.53339606    0.51079539  1
  0.53850403    0.49378459  1
  0.47574174    0.66817374  1
  0.43402547    0.34614530  1
  0.53126542    0.58656783  1
  0.48193387    0.55332594  1
  0.49409062    0.38115922  1
  0.48976909    0.40459013  1
  0.43606457    0.55859026  1
  0.49631485    0.47893515  1
  0.62845342    0.56414167  1
  0.35418377    0.37003830  1
  0.33129775    0.39570920  1
  0.48205703    0.58403038  1
  0.55765394    0.41906095  1
  0.53278611    0.51925358  1
  0.46649190    0.53962319  1
  0.56189262    0.68851781  1
  0.39750739    0.49215693  1
  0.56080934    0.47273950  1
  0.28058317    0.50912940  1
  0.39663174    0.39194627  1
  0.34246665    0.53490159  1
  0.52260106    0.53027250  1
  0.50187723    0.34372562  1
  0.63342311    0.46912670  1
  0.45273154    0.37242689  1
  0.55263924    0.43900189  1
  0.63818371    0.38290583  1
  0.56143807    0.43064367  1
  0.50879978    0.35455209  1
  0.53989991    0.59440448  1
  0.41812039    0.28183929  1
  0.47881687    0.42424231  1
  0.53765697    0.40622348  1
  0.55380998    0.33527498  1
  0.40646439    0.42401126  1
  0.39998496    0.31911282  1
  0.45309946    0.42453251  1
  0.43549229    0.46440367  1
  0.56186912    0.65596734  1
  0.45627927    0.59773285  1
  0.44322062    0.49803428  1
  0.43192746    0.46895887  1
  0.44037316    0.49629431  1
  0.74111487    0.39196654  1
  0.55750249    0.39131066  1
  0.52688786    0.49188220  1
  0.57860703    0.38374738  1
  0.41719084    0.39870694  1
  0.40166002    0.48562072  1
  0.44787568    0.60167932  1
  0.48530837    0.43666723  1
  0.42932719    0.38428854  1
  0.31991638    0.48326545  1
  0.39900013    0.40393528  1
  0.54235908    0.43639556  1
  0.39671195    0.40819542  1
  0.49311092    0.46331774  1
  0.38930596    0.55535061  1
  0.54000413    0.36863136  1
  0.54172688    0.50764636  1
  0.50602919    0.42899117  1
  0.39029680    0.51988231  1
  0.34138529    0.23965132  1
  0.58615363    0.27417990  1
  0.41563768    0.56469711  1
  0.56546555    0.53233359  1
  0.33450296    0.37598655  1
  0.41150371    0.36717754  1
  0.44002046    0.42870113  1
  0.59087609    0.53574277  1
  0.40337317    0.48453397  1
  0.48390772    0.56836324  1
  0.35785284    0.58740136  1
  0.43100063    0.45512966  1
  0.49554463    0.60712486  1
  0.41884294    0.51520470  1
  0.38422857    0.59331028  1
  0.54065599    0.45445254  1
  0.41886395    0.31230157  1
  0.51868063    0.38835731  1
  0.61805074    0.53976891  1
  0.50017402    0.61091431  1
  0.47383478    0.49471252  1
  0.46292428    0.44689310  1
  0.48816528    0.38295412  1
  0.61406015    0.57926750  1
  0.28539621    0.27906297  1
  0.39801057    0.52969852  1
  0.41133764    0.49865230  1
  0.36252938    0.54379554  1
  0.58919861    0.45241480  1
  0.44708287    0.52992214  1
  0.52119043    0.35220052  1
  0.44180003    0.59852998  1
  0.44494188    0.59982883  1
  0.25655512    0.51660892  1
  0.36949246    0.48445037  1
  0.51390065    0.41745517  1
  0.50022303    0.35614435  1
  0.56074842    0.65181953  1
  0.42793029    0.38197633  1
  0.46728286    0.46633759  1
  0.41322322    0.51393317  1
  0.47153952    0.70203060  1
  0.68050902    0.46286330  1
  0.52970068    0.14223512  1
  0.42636609    0.42069064  1
  0.33974450    0.48768076  1
  0.51014661    0.51179866  1
  0.54866734    0.52635484  1
  0.38520794    0.42476366  1
  0.51196356    0.47489114  1
  0.64358897    0.38114016  1
  0.46256916    0.48139324  1
  0.35388611    0.27691907  1
  0.47773381    0.38085692  1
  0.47273527    0.44826162  1
  0.49203741    0.56119208  1
  0.53249291    0.43877743  1
  0.52305284    0.59668608  1
  0.49504409    0.70087889  1
  0.54867247    0.45804098  1
  0.46632393    0.56479703  1
  0.65913928    0.38902107  1
  0.41073267    0.34691143  1
  0.31574940    0.61766434  1
  0.44398312    0.46842069  1
  0.72239037    0.29555906  1
  0.47728333    0.43841706  1
  0.59392074    0.53447182  1
  0.51581787    0.41482268  1
  0.50670799    0.47064866  1
  0.47889203    0.64384650  1
  0.59183150    0.40037244  1
  0.54615036    0.66893415  1
  0.58670132    0.48013983  1
  0.61104723    0.36672290  1
  0.54291177    0.41857975  1
  0.44959459    0.36891974  1
  0.41156506    0.69726406  1
  0.53796708    0.43580832  1
  0.52738553    0.38987698  1
  0.64389817    0.48124470  1
  0.40017917    0.39712546  1
  0.51578480    0.38184335  1
  0.48271332    0.43978743  1
  0.51265562    0.54253681  1
  0.49193130    0.33094474  1
  0.70665151    0.60483921  1
  0.29906784    0.36941550  1
  0.59016053    0.40686058  1
  0.43110606    0.45931665  1
  0.47691616    0.52959327  1
  0.41310914    0.49955769  1
  0.51945622    0.57851934  1
  0.41788825    0.65112320  1
  0.50164518    0.44367175  1
  0.55295786    0.29659806  1
  0.45780791    0.36398216  1
  0.36003325    0.34863915  1
  0.48271159    0.32868048  1
  0.35828849    0.66244503  1
  0.48824960    0.42171354  1
  0.47195929    0.47354083  1
  0.44591243    0.69709030  1
  0.48398841    0.31593530  1
  0.33331713    0.39813177  1
  0.43291323    0.43952901  1
  0.55927029    0.64804221  1
  0.51721289    0.45849506  1
  0.43270595    0.33789531  1
  0.50347004    0.58325239  1
  0.33390285    0.39785123  1
  0.30512302    0.56856984  1
  0.46467043    0.66636885  1
  0.40362229    0.52479256  1
  0.51804823    0.51149723  1
  0.54350161    0.40187575  1
  0.33225247    0.59797273  1
  0.39429011    0.32979990  1
  0.46343074    0.51191845  1
  0.46822535    0.62836084  1
  0.42258769    0.52617533  1
  0.38802378    0.57296407  1
  0.52654038    0.43639724  1
  0.23953974    0.53108696  1
  0.49746748    0.37111834  1
  0.62010723    0.67789070  1
  0.32041773    0.65701765  1
  0.40348499    0.59662998  1
  0.56655006    0.32993748  1
  0.28254006    0.44593986  1
  0.55130146    0.44235762  1
  0.75736818    0.66026896  1
  0.40061663    0.47483682  1
  0.60642728    0.42252887  1
  0.41640353    0.51656313  1
  0.58452407    0.40660769  1
  0.66910285    0.56389107  1
  0.49801137    0.43138251  1
  0.30177193    0.58721264  1
  0.39440934    0.47521357  1
  0.51283986    0.64610579  1
  0.52493565    0.36885346  1
  0.37723314    0.37790925  1
  0.35974755    0.18865844  1
  0.45652482    0.53455033  1
  0.56807358    0.25215432  1
  0.40487007    0.61225198  1
  0.52866020    0.47366700  1
  0.47036084    0.31595309  1
  0.49468288    0.42124631  1
  0.26746306    0.44825479  1
  0.26968587    0.49400282  1
  0.55160553    0.49699518  1
  0.53057161    0.48753201  1
  0.44864448    0.55867656  1
  0.39124192    0.42083107  1
  0.33161957    0.55536188  1
  0.56944004    0.61628272  1
  0.40695990    0.38117047  1
  0.51770235    0.45854643  1
  0.51740482    0.55669918  1
  0.32399842    0.31536729  1
  0.58419534    0.60011753  1
  0.60306135    0.43756803  1
  0.39190460    0.49220086  1
  0.51363035    0.46902098  1
  0.59713087    0.42627454  1
  0.33534992    0.48584396  1
  0.37710127    0.47060207  1
  0.69206036    0.60276985  1
  0.56169017    0.46835066  1
  0.33195426    0.53955269  1
  0.42303924    0.72024370  1
  0.44210021    0.41226580  1
  0.39593135    0.54600478  1
  0.49498458    0.47000976  1
  0.51346738    0.51367103  1
  0.60391302    0.37659467  1
  0.48425090    0.43307637  1
  0.46707561    0.35649358  1
  0.59471945    0.53089446  1
  0.29727576    0.45815445  1
  0.53969421    0.43037467  1
  0.56103013    0.53501891  1
  0.26070304    0.49970270  1
  0.49962145    0.36499750  1
  0.41470814    0.37589586  1
  0.53529480    0.48802482  1
  0.51791939    0.56222345  1
  0.50933262    0.35035390  1
  0.55971480    0.44102838  1
  0.36879002    0.50224022  1
  0.52987361    0.61829605  1
  0.41897728    0.38970202  1
  0.41750012    0.45508393  1
  0.68553949    0.51524080  1
  0.46417437    0.51190948  1
  0.48289843    0.41531163  1
  0.39976347    0.38334071  1
  0.38484700    0.44903693  1
  0.46768754    0.45365110  1
  0.63390790    0.60399112  1
  0.38454869    0.59170531  1
  0.43760758    0.44218089  1
  0.50089163    0.52809607  1
  0.56345391    0.48263096  1
  0.72009546    0.51593327  1
  0.45223265    0.56968202  1
  0.73716710    0.56326688  1
  0.41423691    0.46759632  1
  0.51673458    0.49452140  1
  0.61370039    0.55624218  1
  0.52312975    0.43800618  1
  0.39048308    0.54628896  1
  0.36956387    0.40096914  1
  0.52803352    0.36802248  1
  0.50664829    0.45636587  1
  0.42970571    0.48586815  1
  0.45238173    0.42926581  1
  0.53695330    0.45187638  1
  0.40954747    0.35460618  1
  0.42652381    0.39980077  1
  0.36617949    0.44555914  1
  0.51632371    0.34856740  1
  0.47222480    0.35672174  1
  0.48326612    0.55805063  1
  0.50953191    0.31111934  1
  0.29754112    0.31240903  1
  0.45492880    0.51357448  1
  0.60092839    0.46102432  1
  0.35081079    0.37939970  1
  0.53216523    0.51373195  1
  0.64354978    0.55110036  1
  0.40499479    0.52227931  1
  0.43843450    0.42852868  1
  0.48434587    0.29764071  1
  0.41760724    0.39254582  1
  0.58339603    0.47023833  1
  0.48438973    0.49718261  1
  0.54554191    0.51575967  1
  0.45937377    0.36665945  1
  0.36903959    0.55412307  1
  0.58270266    0.42662541  1
  0.55586189    0.44751824  1
  0.45951321    0.30242673  1
  0.47238425    0.45396744  1
  0.46041725    0.51596117  1
  0.53478563    0.50512088  1
  0.70223074    0.56199240  1
  0.49767307    0.56090618  1
  0.52851804    0.57391082  1
  0.48374072    0.46425983  1
  0.55898211    0.59782298  1
  0.35244926    0.58747803  1
  0.35788121    0.53669209  1
  0.40449926    0.52638531  1
  0.39300718    0.34493527  1
  0.45229745    0.53609624  1
  0.29382007    0.50608876  1
  0.53921407    0.44919702  1
  0.52173597    0.47029475  1
  0.21895251    0.62060743  -1
  0.21826596    0.22012212  -1
  0.85161052    0.42902714  -1
  0.12897574    0.44763452  -1
  0.18305804    0.57917172  -1
  0.59184364    0.19243443  -1
  0.26860235    0.14691860  -1
  0.58007312    0.25042940  -1
  0.08471691    0.59540187  -1
  0.85749824    0.27988740  -1
  0.89872547    0.58240535  -1
  0.81382053    0.68886945  -1
  0.12702941    0.58866433  -1
  0.65879796    0.22693519  -1
  0.65134692    0.75234695  -1
  0.42936656    0.85713245  -1
  0.70417544    0.68069234  -1
  0.39163197    0.73521459  -1
  0.41908535    0.80376096  -1
  0.20565674    0.25461245  -1
  0.44065617    0.85138008  -1
  0.64802812    0.17321544  -1
  0.44129811    0.81462979  -1
  0.14440717    0.55113739  -1
  0.44005655    0.95837733  -1
  0.13986726    0.55871811  -1
  0.78782607    0.45091448  -1
  0.10014756    0.43176588  -1
  0.57097256    0.83789949  -1
  0.62648146    0.10791454  -1
  0.67913760    0.21851486  -1
  0.18704047    0.37711145  -1
  0.75067819    0.72923218  -1
  0.88530108    0.38943774  -1
  0.35782250    0.04320960  -1
  0.77085095    0.75791794  -1
  0.82411774    0.58090654  -1
  0.69515749    0.33520358  -1
  0.42836786    0.06021480  -1
  0.77116723    0.13888767  -1
  0.26966456    0.69133090  -1
  0.20605035    0.28009207  -1
  0.48834769    0.90212479  -1
  0.74341709    0.68391123  -1
  0.38632348    0.76133890  -1
  0.71091242    0.31468579  -1
  0.49636205    0.14820077  -1
  0.35194889    0.09344073  -1
  0.73149894    0.73686805  -1
  0.32270449    0.28059200  -1
  0.53402854    0.13283371  -1
  0.23624927    0.64652807  -1
  0.78419590    0.34264596  -1
  0.38212147    0.87270628  -1
  0.64831668    0.82348782  -1
  0.83685468    0.40017074  -1
  0.33302594    0.75963864  -1
  0.16006743    0.28643253  -1
  0.31392049    0.82067659  -1
  0.35370027    0.00479866  -1
  0.14115630    0.61421620  -1
  0.05136338    0.55673137  -1
  0.86893453    0.60613872  -1
  0.09751064    0.34929461  -1
  0.82516786    0.78262516  -1
  0.13253551    0.34606166  -1
  0.81308862    0.57773626  -1
  0.27489895    0.57616023  -1
  0.85482143    0.36741353  -1
  0.40478960    0.94340817  -1
  0.49159448    0.17347930  -1
  0.17818817    0.67972614  -1
  0.71076544    0.19839183  -1
  0.24491810    0.73941563  -1
  0.77983807    0.25689116  -1
  0.14671114    0.53419351  -1
  0.24436824    0.17825384  -1
  0.19899731    0.33585283  -1
  0.33692521    0.20791494  -1
  0.15146842    0.33344764  -1
  0.33960376    0.85582147  -1
  0.42622518    0.17461883  -1
  0.71198754    0.54699152  -1
  0.07640578    0.39303339  -1
  0.45668416    0.86011763  -1
  0.48845048    0.03273813  -1
  0.54639656    0.81502086  -1
  0.25120932    0.21268403  -1
  0.31415569    0.12198786  -1
  0.24934788    0.86403097  -1
  0.92646955    0.53110504  -1
  0.14721234    0.33863294  -1
  0.85188205    0.52714211  -1
  0.56937697    0.14246288  -1
  0.00000000    0.43820722  -1
  0.63742829    0.85011561  -1
  0.78962081    0.51706413  -1
  0.22605260    0.26947948  -1
  0.76264522    0.28442793  -1
  0.46444514    0.10875926  -1
  0.95497147    0.27533613  -1
  0.15628089    0.70083994  -1
  0.21013962    0.21566816  -1
  0.22181538    0.28728789  -1
  0.18300873    0.25909513  -1
  0.47134324    0.91246426  -1
  0.97266553    0.57145153  -1
  0.25944502    0.27985360  -1
  0.19992799    0.21884395  -1
  0.07803746    0.39922920  -1
  0.81111786    0.58358741  -1
  0.16460410    0.29654644  -1
  0.82879304    0.56464607  -1
  0.77838199    0.54576685  -1
  0.22368254    0.77741654  -1
  0.59936770    0.74850333  -1
  0.86988391    0.37006486  -1
  0.67240751    0.67135445  -1
  0.14015221    0.58642126  -1
  0.23482510    0.68626450  -1
  0.45769191    0.81353806  -1
  0.55775536    0.10566258  -1
  0.79948552    0.27363368  -1
  0.84124209    0.61140512  -1
  0.87204420    0.65352791  -1
  0.08548254    0.34762544  -1
  0.16028152    0.44689999  -1
  0.84129666    0.21717398  -1
  0.65985822    0.79321854  -1
  0.33066307    0.76143102  -1
  0.81202668    0.14068316  -1
  0.15067166    0.31921577  -1
  0.57555501    0.78002620  -1
  0.50412267    0.09800129  -1
  0.81508073    0.35310947  -1
  0.15708942    0.54598866  -1
  0.79616424    0.33026478  -1
  0.90342307    0.49088847  -1
  0.62347046    0.11328788  -1
  0.15972412    0.40104353  -1
  0.35972191    0.05962766  -1
  0.15519934    0.48519230  -1
  0.54487899    0.83924856  -1
  0.12754736    0.30678161  -1
  0.77102073    0.58126127  -1
  0.91252986    0.40703901  -1
  0.17702655    0.70793713  -1
  0.78013068    0.31586796  -1
  0.96274007    0.63338297  -1
  0.09489610    0.46261921  -1
  0.20784093    0.68969552  -1
  0.44950783    0.18044848  -1
  0.52849106    0.04435927  -1
  0.79102636    0.42495486  -1
  0.19027948    0.26128380  -1
  0.79806373    0.25435315  -1
  0.16581722    0.54810050  -1
  0.68500305    0.06250222  -1
  0.17644922    0.36964959  -1
  0.22896105    0.58261728  -1
  0.19560851    0.78695136  -1
  0.16779722    0.70531695  -1
  0.20910806    0.26986438  -1
  0.87806739    0.57570508  -1
  0.77059097    0.61659524  -1
  0.68807803    0.12603990  -1
  0.66687822    0.16177152  -1
  0.21434676    0.38687293  -1
  0.31547208    0.30318112  -1
  0.34320491    0.82245239  -1
  0.23456575    0.31708775  -1
  0.61853293    0.17622211  -1
  0.31751250    0.31419507  -1
  0.32915014    0.84998616  -1
  0.45556995    0.10013564  -1
  0.62664773    0.76885084  -1
  0.58444622    0.74383649  -1
  0.74263956    0.14214070  -1
  0.81247076    0.41727040  -1
  0.82653545    0.61998270  -1
  0.66389179    0.85128325  -1
  0.08606604    0.61255138  -1
  0.55113877    0.80691658  -1
  0.28976083    0.26471990  -1
  0.83347206    0.61200940  -1
  0.65998891    0.75387283  -1
  0.36484104    0.81268009  -1
  0.26326531    0.16765940  -1
  0.45742518    0.89413112  -1
  0.09493658    0.43075546  -1
  0.82031581    0.80596967  -1
  0.40918534    0.84057387  -1
  0.81320364    0.37529079  -1
  0.82862726    0.68210353  -1
  0.46551319    0.87979313  -1
  0.81094169    0.72177088  -1
  0.65183067    0.74158267  -1
  0.45986189    0.07281645  -1
  0.19375084    0.73038422  -1
  0.29220644    0.85459346  -1
  0.23280320    0.73423597  -1
  0.21444516    0.11595840  -1
  0.52450744    0.92060754  -1
  0.78694536    0.28061180  -1
  0.29809236    0.62796066  -1
  0.20759399    0.58844473  -1
  0.11201595    0.54670680  -1
  0.32228568    0.74120540  -1
  0.21350869    0.35272084  -1
  0.56043002    0.76743563  -1
  0.63076418    0.08056200  -1
  0.28353721    0.92589145  -1
  0.28317749    0.11426974  -1
  0.18679935    0.77923925  -1
  0.17708060    0.59816128  -1
  0.44944869    0.18551652  -1
  0.91530714    0.52470807  -1
  0.55642874    0.13343152  -1
  0.10465709    0.36462750  -1
  0.58147130    0.88203493  -1
  0.64698095    0.10266465  -1
  0.23885420    0.46711646  -1
  0.72118912    0.73675163  -1
  0.46144001    0.75454607  -1
  0.21669856    0.23822291  -1
  0.27142530    0.22460077  -1
  0.36601233    0.18415876  -1
  0.87262085    0.70571258  -1
  0.10887209    0.68544923  -1
  0.38183128    0.77364398  -1
  0.36689116    0.83721153  -1
  0.66942187    0.75113319  -1
  0.62920037    0.91979130  -1
  0.77756478    0.20270812  -1
  0.29268056    0.26224429  -1
  0.09452144    0.45511745  -1
  0.21368746    0.34753026  -1
  0.31913198    0.65783229  -1
  0.44100572    0.85127800  -1
  0.76874484    0.75628483  -1
  0.76268092    0.72133607  -1
  0.18378549    0.53248844  -1
  0.71411811    0.27183199  -1
  0.13546186    0.48879612  -1
  0.26414172    0.86671496  -1
  0.10860510    0.29342729  -1
  0.07351512    0.33828340  -1
  0.74984219    0.44592026  -1
  0.09593292    0.24190428  -1
  0.53670939    0.07359929  -1
  0.79884144    0.47960484  -1
  0.80007410    0.30415536  -1
  0.76541187    0.67336424  -1
  0.66300715    0.84414714  -1
  0.84531176    0.72044562  -1
  0.62352403    0.68699470  -1
  0.81657230    0.40843469  -1
  0.16996073    0.70075835  -1
  0.09443828    0.28607276  -1
  0.83706660    0.81011081  -1
  0.58028730    0.05735771  -1
  0.39601085    0.14222450  -1
  0.28226025    0.03124636  -1
  0.79551981    0.75633538  -1
  0.56535977    0.07758455  -1
  0.24584464    0.77548672  -1
  0.22997744    0.55316419  -1
  0.65085689    0.73549376  -1
  0.67574974    0.19550877  -1
  0.81295073    0.63228445  -1
  0.54282239    0.88594596  -1
  0.68756111    0.76979498  -1
  0.50626324    0.97091537  -1
  0.66928794    0.95774614  -1
  0.55223963    0.85141438  -1
  0.79478977    0.55245934  -1
  0.46103069    0.15565670  -1
  0.20979243    0.73251474  -1
  0.56848011    0.84094454  -1
  0.89950166    0.48546605  -1
  0.79543628    0.41906183  -1
  0.06426846    0.55410333  -1
  0.69143921    0.84857097  -1
  0.38758852    0.15719142  -1
  0.06220215    0.31964298  -1
  0.81440235    0.67716464  -1
  0.27916378    0.23584559  -1
  0.86316617    0.66023941  -1
  0.79763706    0.66043942  -1
  0.78780585    0.39288342  -1
  0.14512969    0.58985588  -1
  0.75031482    0.24326102  -1
  0.89298336    0.66327229  -1
  0.90575029    0.57665903  -1
  0.61137501    0.11561868  -1
  0.24097399    0.64236514  -1
  0.15877394    0.74680935  -1
  0.29477193    0.74838501  -1
  0.80505016    0.51791306  -1
  0.79811926    0.45981233  -1
  0.39777821    0.82045069  -1
  0.61037707    0.76273150  -1
  0.87032467    0.42467870  -1
  0.73865669    0.51985249  -1
  0.09186329    0.58959605  -1
  0.23081411    0.27936783  -1
  0.56403675    0.02792308  -1
  0.66636649    0.66152469  -1
  0.31983880    0.20517663  -1
  0.26111354    0.46236618  -1
  0.64447853    0.77514167  -1
  0.49129826    0.91841189  -1
  0.75092725    0.71678009  -1
  0.44545385    0.00285611  -1
  0.60858904    0.25935122  -1
  0.17904843    0.47876079  -1
  0.24191692    0.05536608  -1
  0.64427862    0.82268581  -1
  0.54969805    0.81583221  -1
  0.40757044    0.73414944  -1
  0.81136123    0.33103925  -1
  0.03965275    0.45979611  -1
  0.63858831    0.14633272  -1
  0.64501012    0.23017844  -1
  0.71970934    0.28504255  -1
  0.10431129    0.32396893  -1
  0.57506188    0.74641847  -1
  0.37060040    0.13331184  -1
  0.32546391    0.94870208  -1
  0.49707666    0.07060780  -1
  0.22280416    0.34440845  -1
  0.48221694    0.76366834  -1
  0.11926177    0.57058748  -1
  0.73481406    0.09877266  -1
  0.19330025    0.68958127  -1
  0.29140352    0.24363075  -1
  0.62471908    0.73757676  -1
  0.39614080    0.74323389  -1
  0.15455511    0.23256532  -1
  0.87528758    0.47877286  -1
  0.09881446    0.49128466  -1
  0.61501165    0.82565879  -1
  0.22992426    0.55543060  -1
  0.20127894    0.20616031  -1
  0.68271490    0.20476684  -1
  0.31648119    0.77099812  -1
  0.78328534    0.42764544  -1
  0.27333327    0.80323445  -1
  0.39764973    0.07326918  -1
  0.35494724    0.16475667  -1
  0.80919427    0.21501947  -1
  0.23029121    0.19110432  -1
  0.71141813    0.83836297  -1
  0.85808276    0.39819719  -1
  0.66823201    0.86200419  -1
  0.82196472    0.55383171  -1
  0.79043892    0.24673116  -1
  0.20060475    0.81754973  -1
  0.10084775    0.69628735  -1
  0.69485334    0.73642487  -1
  0.48593121    0.77584870  -1
  0.25800354    0.72404037  -1
  0.11550880    0.55112791  -1
  0.59794262    0.11837448  -1
  0.56533878    0.73225297  -1
  0.24867276    0.19852820  -1
  0.27913115    0.13062834  -1
  0.44364408    0.75884013  -1
  0.74282197    0.37656855  -1
  0.30259826    0.85192790  -1
  0.19955789    0.33500920  -1
  0.77453934    0.64946998  -1
  0.72310894    0.25080520  -1
  0.80737805    0.70311078  -1
  0.56846827    0.02124347  -1
  0.10229077    0.43409017  -1
  0.74870645    0.73023995  -1
  0.88562423    0.31784351  -1
  0.80616847    0.30000699  -1
  0.80318076    0.58391001  -1
  0.22958944    0.09026931  -1
  0.21925219    0.38898707  -1
  0.25271697    0.75855921  -1
  0.18814700    0.73150634  -1
  0.46938685    0.09083654  -1
  0.79423821    0.60238723  -1
  0.26914585    0.66591268  -1
  0.75504105    0.70544246  -1
  0.74783405    0.22938043  -1
  0.73919544    0.18489376  -1
  0.26051211    0.79229538  -1
  0.83245369    0.34336457  -1
  0.13505595    0.43126822  -1
  0.67514430    0.84378931  -1
  0.45899268    0.95175249  -1
  0.74906454    0.54882637  -1
  0.19495345    0.65982474  -1
  0.11861757    0.48499953  -1
  0.17356758    0.73559861  -1
  0.14799993    0.36795809  -1
  0.18385945    0.25921393  -1
  0.17673401    0.64037079  -1
  0.33833745    0.12928965  -1
  0.83589839    0.60094464  -1
  0.49570761    0.81013416  -1
  0.58517443    0.05785318  -1
  0.21241726    0.70867267  -1
  0.68140948    0.87526798  -1
  0.13426603    0.60087348  -1
  0.61546832    0.00000000  -1
  0.84957702    0.46612932  -1
  0.74867515    0.24054866  -1
  0.10167197    0.55055210  -1
  0.18501463    0.67028674  -1
  0.28703965    0.14681572  -1
  0.29469309    0.80206604  -1
  0.76281097    0.53084924  -1
  0.14803711    0.38452730  -1
  0.53791824    0.84380816  -1
  0.19979617    0.61896634  -1
  0.31062205    0.15108354  -1
  0.21300597    0.71793391  -1
  0.31371267    0.20490550  -1
  0.11565155    0.56429858  -1
  0.61881075    0.13240196  -1
  0.78708927    0.65195582  -1
  0.84573036    0.42136649  -1
  0.69326720    0.19416672  -1
  0.59046885    0.93717202  -1
  0.65884919    0.18970233  -1
  0.60457081    0.82240073  -1
  0.21492359    0.65964164  -1
  0.43140007    0.78815344  -1
  0.73349255    0.18120207  -1
  0.87310141    0.52871597  -1
  0.57760024    0.89187003  -1
  0.65708343    0.87096664  -1
  0.18017619    0.22893492  -1
  0.69450291    0.18749883  -1
  0.93085494    0.43218815  -1
  0.72863131    0.57647244  -1
  0.53331691    0.11191248  -1
  0.95463874    0.53634589  -1
  0.42932111    0.79067193  -1
  0.40336005    0.83686555  -1
  0.69104501    0.69853062  -1
  0.78011080    0.35954729  -1
  0.39446394    0.86405424  -1
  0.59717632    0.29001439  -1
  0.27943691    0.72039707  -1
  0.27185987    0.73713830  -1
  0.64111406    0.82631601  -1
  0.85247986    0.26513857  -1
  0.20341335    0.19007148  -1
  0.76812697    0.46044908  -1
  0.19988739    0.17852236  -1
  0.58819011    0.09818250  -1
  0.64081597    0.27239678  -1
  0.14903828    0.58456095  -1
  0.68664874    0.21049222  -1
  0.82432324    0.35757285  -1
  0.72631296    0.73337926  -1
  0.33665740    0.75405378  -1
  0.84005084    0.48309120  -1
  0.79231082    0.62422575  -1
  0.23848595    0.29587786  -1
  0.16486668    0.38947747  -1
  0.24623482    0.71170657  -1
  0.37239093    0.76017258  -1
  0.10938605    0.52404980  -1
  0.49243921    0.20254250  -1
  0.65081905    0.69065319  -1
  0.50000890    0.00981744  -1
  0.50793549    0.05657855  -1
  0.05359566    0.30099074  -1
  0.91078232    0.42696725  -1
  0.13900064    0.33067091  -1
  0.75845856    0.15183584  -1
  0.87161108    0.58879625  -1
  0.11226805    0.38271673  -1
  0.80039553    0.09959883  -1
  0.36668860    0.80939861  -1
  0.27790390    0.26822667  -1
  0.46211983    0.05526356  -1
  0.62577182    0.15622526  -1
  0.67867853    0.12471724  -1
  0.75310997    0.26877873  -1
  0.30581570    0.75285005  -1
  0.63783949    0.84673280  -1
  0.84397802    0.64045103  -1
  0.80357200    0.47643406  -1
  0.85363714    0.34817647  -1
  0.54127731    0.13707182  -1
  0.47113337    0.96350991  -1
  0.24392558    0.31159031  -1
  0.47988344    0.17553734  -1
  0.77655999    0.68931241  -1
  0.14966863    0.16426151  -1
  0.05305037    0.44551219  -1
  0.32430242    0.04205032  -1
  0.78434879    0.39140444  -1
  0.12344276    0.29924033  -1
  0.69844264    0.09431251  -1
  0.56112850    0.08971984  -1
  0.80324662    0.48960717  -1
  0.84069888    0.67053358  -1
  0.46172693    0.80994913  -1
  0.26335493    0.60945476  -1
  0.40556997    0.83540469  -1
  0.57006517    0.81262241  -1
  0.71327099    0.75211165  -1
  0.39761934    0.78162640  -1
  0.39471274    0.09208430  -1
  0.57723963    0.10750598  -1
  0.58006415    0.85146179  -1
  0.78378174    0.61494111  -1
  0.18399944    0.11921406  -1
  0.73777669    0.60786447  -1
  0.25222556    0.43479431  -1
  0.17005058    0.58538595  -1
  0.20245152    0.15484413  -1
  0.80622843    0.39341285  -1
  0.20188437    0.88493391  -1
  0.23061197    0.38221590  -1
  0.21338405    0.58864361  -1
  0.90047947    0.49158581  -1
  0.53119575    0.16708292  -1
  0.69633385    0.79808548  -1
  0.67587818    0.16992402  -1
  0.77511092    0.71159106  -1
  0.43499434    0.91099545  -1
  0.64912244    0.15599751  -1
  0.27073810    0.17756808  -1
  0.61897841    0.80740475  -1
  0.19996391    0.62665882  -1
  0.15579187    0.50453864  -1
  0.90023927    0.63623074  -1
  0.84279517    0.38981450  -1
  0.56611586    0.87291783  -1
  0.75646184    0.71062812  -1
  0.28263740    0.11457155  -1
  0.23667575    0.11702286  -1
  0.38037207    0.80920559  -1
  0.15663712    0.41656821  -1
  0.71695373    0.62602146  -1
  0.70860530    0.16520863  -1
  0.79737950    0.61161580  -1
  0.58728957    0.18645237  -1
  0.27501675    0.16359701  -1
  0.65326453    0.74143821  -1
  0.07092326    0.38696265  -1
  0.47833363    0.78375560  -1
  0.87318504    0.32157699  -1
  0.40656061    0.14143324  -1
  0.60309353    0.92044400  -1
  0.59003393    0.01082278  -1
  0.18750864    0.13612094  -1
  0.22384814    0.18429262  -1
  0.65787710    0.82093587  -1
  0.32544314    0.17690356  -1
  0.75679642    0.44112259  -1
  0.25389222    0.72376771  -1
  0.52080505    0.84927969  -1
  0.32280725    0.85844500  -1
  0.33000848    0.69714474  -1
  0.59327402    0.18791183  -1
  0.41625331    0.09638264  -1
  0.71788575    0.06510251  -1
  0.87009130    0.29575097  -1
  0.85102501    0.30701389  -1
  0.80459093    0.59211185  -1
  0.14083342    0.31381098  -1
  0.53218015    0.75508723  -1
  0.38693233    0.09381554  -1
  0.28230004    0.81074710  -1
  0.23401365    0.47925459  -1
  0.82943567    0.45593003  -1
  0.55137430    0.77062430  -1
  0.26943407    0.13903164  -1
  0.47898485    0.13597075  -1
  0.79731301    0.57652168  -1
  0.26133832    0.02564286  -1
  0.64998156    0.10204303  -1
  0.32987851    0.84273084  -1
  0.48840029    0.87600536  -1
  0.78123069    0.57892432  -1
  0.58670316    0.80104731  -1
  0.15938649    0.20565221  -1
  0.03166422    0.54220403  -1
  0.20277926    0.75943401  -1
  0.18666462    0.68454700  -1
  0.22268738    0.18321444  -1
  0.18223140    0.66140228  -1
  0.28847021    0.78654601  -1
  0.83348630    0.23854819  -1
  0.74904201    0.24382033  -1
  0.54151010    0.06568917  -1
  0.67502485    0.59880959  -1
  0.51248231    0.14660972  -1
  0.89722876    0.38632929  -1
  0.76128962    0.34241890  -1
  0.82297968    0.81092335  -1
  0.55926779    0.79054690  -1
  0.64205103    0.79908101  -1
  0.84093158    0.59033265  -1
  0.28750218    0.92471639  -1
  0.94999493    0.36746714  -1
  0.80980618    0.56452667  -1
  0.56499530    0.10099169  -1
  0.23328026    0.81760637  -1
  0.64781587    0.74135218  -1
  0.66044579    0.77699027  -1
  0.32810080    0.88828750  -1
  0.52059305    0.05168835  -1
  0.78551251    0.26302577  -1
  0.72161948    0.51092666  -1
  0.43229184    0.79641062  -1
  0.61843650    0.14264285  -1
  0.10784334    0.30493094  -1
  0.34260048    0.85578028  -1
  0.79292099    0.54730576  -1
  0.25956809    0.51498167  -1
  0.46762557    0.86816230  -1
  0.83066207    0.31696004  -1
  0.23098245    0.36947522  -1
  0.80216979    0.45623417  -1
  0.75735164    0.76143916  -1
  0.28379013    0.78825497  -1
  0.64637055    0.12348717  -1
  0.44523991    0.88084431  -1
  0.61031626    0.94469829  -1
  0.64413948    0.77502137  -1
  0.73197663    0.32902980  -1
  0.60012351    0.08984083  -1
  0.22584096    0.67147582  -1
  0.39567257    0.10375010  -1
  0.26807462    0.88596906  -1
  0.59400306    0.08678253  -1
  0.23892727    0.19976849  -1
  0.20629807    0.71961495  -1
  0.58628972    0.82807400  -1
  0.56123551    0.94516547  -1
  0.73097333    0.12598692  -1
  0.30384921    0.19903032  -1
  0.81880994    0.47838248  -1
  0.17329518    0.57667754  -1
  0.85297448    0.50007436  -1
  0.91276499    0.65545816  -1
  0.76239651    0.69773497  -1
  0.17962942    0.77501491  -1
  0.79428240    0.23356575  -1
  0.71264350    0.21518651  -1
  0.50941969    0.92894925  -1
  0.29526929    0.10676890  -1
  0.68894506    0.10892724  -1
  0.84456725    0.70912155  -1
  0.17620021    0.81286308  -1
  0.21910034    0.23834167  -1
  0.56237185    0.86241121  -1
  0.38252383    0.77188528  -1
  0.78778336    0.28507056  -1
  0.26674718    0.04687917  -1
  0.71016102    0.81904291  -1
  0.78724452    0.77668617  -1
  0.18300967    0.61160708  -1
  0.79429905    0.71333211  -1
  0.63467144    0.80900434  -1
  0.26570788    0.20568615  -1
  0.50377706    0.11025327  -1
  0.97777767    0.23505809  -1
  0.10882573    0.24442101  -1
  0.28722139    0.82013645  -1
  0.35354970    0.25941681  -1
  0.82084000    0.66092109  -1
  0.30074720    0.10011562  -1
  0.27572316    0.21753783  -1
  0.85403765    0.48369087  -1
  0.28639195    0.27306399  -1
  0.73554821    0.35358348  -1
  0.88454883    0.58753162  -1
  0.15465107    0.67756747  -1
  0.80557124    0.33837717  -1
  0.74294094    0.74969571  -1
  0.77352132    0.40704473  -1
  0.15806378    0.68848026  -1
  0.09453097    0.54092348  -1
  0.10123597    0.54898031  -1
  0.28968227    0.82477024  -1
  0.34222268    0.16539858  -1
  0.16226295    0.80815662  -1
  0.79476429    0.25310824  -1
  0.39151016    0.17780980  -1
  0.20154826    0.43338851  -1
  0.13775295    0.63804440  -1
  0.10800598    0.42906663  -1
  0.71700673    0.69594170  -1
  0.32055078    0.22312765  -1
  0.60640381    0.18998590  -1
  0.19218623    0.72125543  -1
  0.38461537    0.73979691  -1
  0.32902744    0.04372086  -1
  0.51643090    0.94554393  -1
  0.21278025    0.58495027  -1
  0.81112858    0.58464188  -1
  0.65746055    0.08875224  -1
  0.46280374    0.01922978  -1
  0.55941472    0.11059528  -1
  0.18890404    0.12475405  -1
  0.63106927    0.02481114  -1
  0.64664294    0.13491580  -1
  0.16553127    0.61375266  -1
  0.21108772    0.23938261  -1
  0.36401249    0.76253236  -1
  0.71029600    0.63635905  -1
  0.74551137    0.06992374  -1
  0.85681447    0.30061294  -1
  0.88875766    0.70170976  -1
  0.89838348    0.48046959  -1
  0.67102608    0.77712684  -1
  0.56157941    0.80268436  -1
  0.54122082    0.07780029  -1
  0.28109859    0.17740760  -1
  0.47220508    0.84316962  -1
  0.65055427    0.21407811  -1
  0.14978245    0.67611335  -1
  0.66419952    0.76317127  -1
  0.80472184    0.42169755  -1
  0.79715717    0.64696865  -1
  0.23240305    0.63178351  -1
  0.81042274    0.49368273  -1
  0.72100202    0.28388975  -1
  0.30843813    0.19986607  -1
  0.25787400    0.54619824  -1
  0.10001425    0.78097873  -1
  0.66472738    0.10367949  -1
  0.87353928    0.42480262  -1
  0.20867625    0.18966153  -1
  0.75771469    0.17741346  -1
  0.11117926    0.56064376  -1
  0.46857268    0.21709470  -1
  0.17106769    0.24294116  -1
  0.70564784    0.26775024  -1
  0.31807066    0.09991880  -1
  0.23112051    0.19383712  -1
  0.31226556    0.08674831  -1
  0.35741940    0.92032101  -1
  0.84966234    0.13635350  -1
  0.20747988    0.62624972  -1
  0.62867831    0.81613616  -1
  0.36910950    1.00000000  -1
  0.67968323    0.39139828  -1
  0.47428773    0.79288163  -1
  0.22407575    0.05615019  -1
  0.76637452    0.13067024  -1
  0.09915079    0.40528111  -1
  0.79822404    0.52820368  -1
  0.78767619    0.29429211  -1
  0.61678628    0.10185081  -1
  0.12376723    0.38366369  -1
  0.80484559    0.17669419  -1
  0.17830560    0.49757378  -1
  0.68569462    0.95805177  -1
  0.77486247    0.79424140  -1
  0.72191147    0.77310809  -1
  0.71104716    0.23600146  -1
  0.77023424    0.34741355  -1
  0.21877431    0.73389546  -1
  0.62073636    0.85959833  -1
  0.11304889    0.45874958  -1
  0.38636616    0.68019222  -1
  0.56065401    0.79922098  -1
  0.15097068    0.51184988  -1
  0.68035809    0.14327469  -1
  0.78018224    0.42542601  -1
  0.20386836    0.71593556  -1
  0.10284079    0.40100400  -1
  0.93443070    0.54481475  -1
  0.66139435    0.86182608  -1
  0.21857789    0.76522098  -1
  0.50287115    0.83301035  -1
  0.49251219    0.72334117  -1
  0.32307201    0.75368221  -1
  0.71320021    0.59329907  -1
  0.86964947    0.44460464  -1
  0.39172965    0.09354473  -1
  0.82080413    0.55646441  -1
  0.11225618    0.53522718  -1
  0.82836395    0.64322718  -1
  0.74603004    0.51458560  -1
  0.42490965    0.77317362  -1
  0.67899621    0.80665258  -1
  0.37430229    0.11460181  -1
  0.54996657    0.86764170  -1
  0.30715637    0.82604718  -1
  0.17865812    0.58338428  -1
  0.77823051    0.45586275  -1
  0.42639613    0.79306094  -1
  0.85652256    0.43176044  -1
  0.20309897    0.36315714  -1
  0.73373503    0.65608075  -1
  0.75977010    0.22470513  -1
  0.36934273    0.12822729  -1
  0.33626711    0.78418049  -1
  0.56097364    0.81076097  -1
  0.38153511    0.83589762  -1
  0.69776882    0.69175047  -1
  0.80490230    0.51985718  -1
  0.77571441    0.82472128  -1
  0.03974470    0.39973888  -1
  0.65850773    0.09219821  -1
  0.20940983    0.36158831  -1
  0.44968836    0.03083867  -1
  0.16953608    0.46315231  -1
  0.17400122    0.18851877  -1
  0.16297491    0.55902178  -1
  0.52983050    0.08428799  -1
  0.24095304    0.32697567  -1
  0.50341344    0.09057729  -1
  0.72585643    0.23995117  -1
  0.15965499    0.63246549  -1
  0.81298509    0.59087523  -1
  0.78622029    0.82212731  -1
  0.83053670    0.58461049  -1
  0.86797832    0.47736817  -1
  0.34446932    0.79987822  -1
  0.78368714    0.53967088  -1
  0.47489239    0.20274620  -1
  0.81442339    0.51320201  -1
  0.52541397    0.85114926  -1
  0.91281069    0.67880808  -1
  0.33301581    0.21701153  -1
  0.13725604    0.30609565  -1
  0.37637463    0.87131666  -1
  0.60408713    0.84184034  -1
  0.27173140    0.13202127  -1
  0.15113920    0.33677245  -1
  0.31725456    0.76904287  -1
  0.19910211    0.66935753  -1
  0.28626868    0.77528089  -1
  0.08640854    0.36555864  -1
  0.71651508    0.64392553  -1
  0.78748371    0.56334062  -1
  0.78579013    0.21239750  -1
  0.61965247    0.80598745  -1
  0.12486699    0.51450990  -1
  0.29137577    0.89001044  -1
  0.32645964    0.85734881  -1
  0.76724042    0.72661865  -1
  0.52313158    0.93564348  -1
  0.76298000    0.37628745  -1
  0.15011927    0.44371979  -1
  0.27167581    0.32606569  -1
  0.68901830    0.26835952  -1
  0.77268437    0.74248027  -1
  0.24966948    0.76938399  -1
  0.05181556    0.49740683  -1
  0.64712444    0.08469664  -1
  0.06637352    0.59199867  -1
  0.77513002    0.15728349  -1
  0.58715004    0.91322036  -1
  0.62431819    0.17760062  -1
  0.11777115    0.33828590  -1
  0.73919565    0.19592322  -1
  0.83792761    0.62017513  -1
  0.85579257    0.22638459  -1
  0.80816361    0.71647860  -1
  0.16761819    0.13503360  -1
  0.81778572    0.39783500  -1
  0.42039613    0.03319987  -1
  0.74352328    0.28491087  -1
  0.24477484    0.76719292  -1
  0.30002607    0.10949249  -1
  0.12454517    0.30113096  -1
  1.00000000    0.53313078  -1
  0.29233719    0.14902156  -1
  0.39877459    0.77693356  -1
  0.59780811    0.77023121  -1
  0.37358007    0.17174200  -1
  0.10104413    0.70818010  -1
  0.81086738    0.42343087  -1
  0.72092990    0.28758993  -1
  0.46282422    0.12298273  -1
  0.89281579    0.14527821  -1
  0.71867141    0.85259876  -1
  0.37765259    0.88269615  -1
  0.47962985    0.85505408  -1
  0.14156291    0.49434164  -1
  0.64509131    0.79727704  -1
  0.14254316    0.48056200  -1
  0.58967012    0.84690211  -1
  0.86653025    0.27929080  -1
  0.71715530    0.56225875  -1
  0.89805439    0.55033910  -1
  0.73928772    0.51691840  -1
  0.20963161    0.68106236  -1
  0.84383133    0.23144223  -1
  0.48136544    0.84796748  -1
  0.74690668    0.69380206  -1
  0.28207674    0.22035722  -1
  0.37844272    0.70162863  -1
  0.80776352    0.32610764  -1
  0.16318232    0.60997339  -1
  0.22828371    0.60364809  -1
  0.84823159    0.55734984  -1
  0.53885456    0.90587104  -1
  0.53125171    0.12721524  -1
  0.76289167    0.20583513  -1
  0.29205592    0.83182651  -1
  0.65106149    0.77555525  -1
  0.76525735    0.72526042  -1
  0.83781363    0.46214601  -1
  0.31054178    0.04924375  -1
  0.61877154    0.17321450  -1
  0.75173044    0.80798772  -1
  0.27274357    0.57213437  -1
  0.40188491    0.84567992  -1
  0.33163675    0.69309686  -1
  0.75352511    0.43497803  -1
  0.82358956    0.49847225  -1
  0.52288767    0.17232155  -1
  0.36773061    0.71442561  -1
  0.68139209    0.13523335  -1
  0.67008406    0.13945484  -1
  0.91917627    0.50931961  -1
  0.23797787    0.44923682  -1
  0.16395154    0.35556252  -1
  0.63481783    0.08245664  -1
  0.46532476    0.91907406  -1
  0.77553481    0.23697533  -1
  0.31091894    0.71877335  -1
  0.35675477    0.16030153  -1
  0.72410203    0.13426325  -1
  0.23652183    0.21228851  -1
  0.53609248    0.03582154  -1
  0.67191349    0.82079880  -1
  0.18137351    0.51613642  -1
  0.17773319    0.37581713  -1
  0.31155824    0.69477540  -1
  0.23759744    0.23152360  -1
  0.34437116    0.83271940  -1
  0.43420631    0.87686130  -1
  0.70108078    0.18674844  -1
  0.71489558    0.80938536  -1
  0.86250605    0.26830307  -1
  0.64583174    0.78430632  -1
  0.64545363    0.12331615  -1
  0.14177222    0.52439893  -1
  0.50002034    0.86894031  -1
  0.61580744    0.20950091  -1
  0.53900653    0.09383540  -1
  0.82765388    0.69041038  -1
  0.22230735    0.53462974  -1
  0.12061994    0.34054994  -1
  0.39301097    0.21780994  -1
  0.80340360    0.29525792  -1
  0.82333852    0.69728054  -1
  0.46937330    0.89455238  -1
  0.30260820    0.85857566  -1
  0.70967906    0.41834920  -1
  0.36525482    0.12797344  -1
  0.53247991    0.14227421  -1
  0.22530244    0.33321733  -1
  0.39705557    0.81459625  -1
  0.55686177    0.24397898  -1
  0.46412231    0.95237420  -1
  0.53737562    0.70630701  -1
  0.12215252    0.64010660  -1
  0.08575449    0.33001388  -1
  0.44296454    0.87151257  -1
  0.31134736    0.85111118  -1
  0.36570893    0.08449681  -1
  0.71228182    0.77258394  -1
  0.61436548    0.19628218  -1
  0.40814662    0.14566512  -1
  0.35067416    0.79904864  -1
  0.81141137    0.51136734  -1
  0.85009516    0.54983454  -1
  0.23447915    0.73247651  -1
  0.13960947    0.33075450  -1
  0.08862913    0.28249254  -1
  0.56666002    0.87095924  -1
  0.47273733    0.89273343  -1
  0.56350047    0.88684933  -1
  0.14718765    0.26438279  -1
  0.67436365    0.09599303  -1
  0.38576622    0.86802584  -1
  0.77856649    0.09263658  -1
  0.26460694    0.16738079  -1
  0.24802585    0.80042598  -1
  0.73637628    0.16842569  -1
  0.26414926    0.22315651  -1
  0.23124936    0.17076951  -1
  0.82918110    0.62587904  -1
  0.29736103    0.87934800  -1
  0.06038040    0.56275471  -1
  0.75502748    0.28116649  -1
  0.88668154    0.43422712  -1
  0.31577900    0.24741941  -1
  0.37365243    0.25786571  -1
  0.29767393    0.17952983  -1
